10.0000 5.0131
6.5799 5.2820
3.3392 9.0866
6.6825 1.3177
7.7673 9.7698
6.7193 5.7078
7.9658 3.1679
5.0641 1.4335
4.1870 6.8490
5.2855 6.2446
1.5424 4.2208
5.9578 7.5915
5.8917 5.4658
5.8232 5.1476
2.3424 5.2960
4.5800 2.7302
6.3456 8.9233
1.5942 4.3632
1.3479 1.4998
9.2707 4.3001
8.1211 4.9037
6.4020 5.7601
5.1712 6.7617
1.9757 6.3484
5.6694 2.7640
6.7995 5.9022
1.5124 4.6864
6.1398 8.9237
6.1758 5.9630
7.6137 6.1947
5.6402 8.8495
6.0129 6.2560
2.6336 5.8949
10.0000 3.0393
8.9085 4.5259
7.7701 5.5849
2.6950 3.6719
0.0000 6.6958
1.5081 4.3787
3.8699 8.3979
1.0459 4.9330
8.1207 5.1731
1.8911 4.7039
0.0000 6.8101
3.0397 4.2348
3.2301 2.2528
6.7971 5.4946
6.1965 3.3807
1.2368 5.2823
2.9491 2.3382
8.8493 4.1583
3.4384 4.5228
3.0282 6.4916
3.4496 5.0247
3.5094 5.7416
9.4667 7.4562
7.3238 3.3445
4.1732 5.0027
1.0120 8.1152
6.3896 4.7489
9.6148 1.8080
7.3420 8.5080
8.4106 0.8037
9.1834 4.8484
4.3476 7.4383
9.2221 6.4549
9.0199 3.7794
4.6963 10.0000
4.0682 2.1826
2.2796 4.6419
5.4938 5.9538
10.0000 1.5938
1.3121 4.2865
9.3068 3.5698
6.5241 8.7524
5.4834 4.7282
7.7202 4.6895
0.5946 5.4886
7.5308 3.1896
6.6057 9.5052
5.9504 4.2337
8.5667 6.1851
2.3223 1.1753
10.0000 6.1190
2.9514 9.2468
3.4527 5.6513
1.1574 8.4474
3.8603 8.5007
1.5042 5.2663
2.2254 4.0293
9.9084 7.2076
2.4395 4.3258
4.9699 5.1132
5.5742 6.8985
5.4533 10.0000
8.6773 5.9514
5.8893 7.7748
1.6863 5.1849
5.8401 5.9708
1.9689 3.1479
