5.6121 7.6205
2.5814 8.5047
4.1724 3.5219
1.7554 5.3398
8.7700 3.7851
6.1676 3.6361
7.8098 2.4089
8.1004 2.1758
7.4981 5.7667
8.7354 7.7384
1.6167 5.7995
7.7611 4.0700
5.2613 7.0630
8.7161 3.5286
1.8049 7.7796
7.4627 4.9813
2.0231 6.0726
1.6157 3.6937
4.2727 7.2203
6.5996 2.9394
1.5928 5.3209
9.4837 4.7636
5.6168 6.3645
7.0416 4.3297
7.2313 9.6325
3.9948 6.6044
8.3437 5.9848
5.9869 5.7227
2.4033 6.3353
6.4568 8.4399
0.0000 5.0781
1.4248 6.5552
7.7294 4.5914
7.5350 8.8681
5.4952 8.2048
0.5303 2.6667
7.2168 5.4532
2.6032 5.2144
1.7570 3.6257
7.1092 2.9960
3.0433 4.7397
7.2545 6.8562
6.7285 7.8717
5.7773 9.7773
2.3637 6.1435
7.6668 7.1770
8.4710 4.6196
7.6603 7.6462
9.7636 5.5647
8.6685 5.9767
4.4132 5.3450
6.5549 2.7057
4.6104 6.5006
8.3996 5.1744
2.5201 6.4839
9.1752 5.6081
0.0000 6.1615
1.0217 5.5756
8.5318 9.2719
1.7110 4.0945
3.6066 6.0998
1.9620 4.7964
4.7635 4.5936
3.1652 5.4070
8.9385 0.0000
5.9060 6.1107
6.8354 6.2225
1.8360 4.6339
4.1110 2.1188
8.4487 4.3179
0.1903 1.6461
3.3556 6.7521
1.4775 5.7208
3.2699 6.1544
8.2485 4.4769
4.0503 4.6660
5.0518 7.8001
5.3818 8.8352
9.8680 4.4620
0.5918 2.7686
5.9443 6.1645
8.9833 0.0000
4.2474 4.0625
3.6334 5.8881
10.0000 2.8087
0.7704 7.0637
3.8407 2.9883
5.6062 8.4709
0.9634 4.7310
0.7223 5.6308
8.0356 9.9823
8.2850 7.3280
0.0000 5.7502
8.9925 5.8659
7.6693 5.0189
5.8534 6.9777
4.6392 7.0650
5.7438 7.4837
2.9950 1.0753
9.6117 1.9967
1.2818 8.0173
6.6911 9.5605
7.0051 8.1399
5.6063 2.8418
6.7011 5.7361
9.4347 4.0448
3.6239 4.1897
5.0664 1.9212
6.8461 4.3819
5.4820 3.9684
5.9873 1.4000
4.9527 1.6905
2.9597 6.8886
6.9915 3.2512
7.8621 5.4657
7.6217 7.5326
6.8548 7.8979
8.9433 4.7987
5.1272 6.0770
5.1435 4.5106
5.8061 6.3300
0.0000 7.2261
1.9799 8.5543
6.5458 5.0085
2.2292 4.9247
8.6791 4.5966
9.1835 8.0776
6.4635 9.0759
8.6671 4.8989
0.4795 3.1901
6.0813 7.5586
1.0525 5.1028
7.5340 7.0634
9.0366 2.1773
10.0000 6.3592
6.2437 10.0000
4.5611 2.3481
0.0000 6.8900
7.2909 4.9464
6.8251 5.3733
8.6178 4.9775
5.7458 7.4222
6.1853 7.0080
7.8257 4.1563
2.3173 5.1637
8.2816 6.3941
7.6364 3.5877
8.4015 5.9104
1.9900 4.2256
8.5013 4.6200
10.0000 4.9781
2.9037 5.6106
5.8521 10.0000
8.3952 4.6895
9.7089 4.6395
9.1487 5.9305
10.0000 3.1875
0.0000 6.4117
7.2627 6.0702
0.0000 6.6899
4.6967 6.0081
2.8191 3.5785
9.2563 5.8331
10.0000 1.2387
9.4899 0.4187
7.9722 4.0335
8.6878 2.8158
8.4486 3.6664
7.2707 4.3131
2.3914 4.8232
5.6889 2.2014
5.8427 7.5977
7.4169 8.8954
3.8164 9.8666
9.9900 1.4645
4.9917 8.7035
5.6676 9.1380
5.1856 1.4583
8.7443 5.3525
5.9850 10.0000
3.6735 5.5140
1.6398 5.9038
6.2364 8.7141
3.2509 3.2053
6.8851 6.7077
0.6757 6.7110
5.7011 2.5595
0.8319 4.5323
9.9361 6.8651
7.5844 4.5299
8.5555 4.0987
7.1063 1.0512
4.2317 3.4491
8.6163 5.2582
1.9026 7.6232
7.2677 10.0000
2.8251 6.1985
1.7584 1.6872
5.7351 8.6166
6.4140 2.1787
5.8418 5.7726
5.0079 6.4781
7.1342 5.4965
5.8734 5.7798
6.3682 5.5283
2.7363 5.0519
4.2077 4.3345
7.7198 4.5124
5.3615 4.1616
7.6181 3.9928
7.8341 4.3798
3.0268 10.0000
1.4820 2.7565
10.0000 6.5122
5.6721 4.2190
1.6643 6.9350
8.1421 4.5975
9.6191 4.5473
4.4943 3.9909
0.0293 4.3175
10.0000 3.7379
7.9554 5.3687
5.8380 3.7620
7.2447 4.1558
7.0265 4.3289
3.6309 8.8460
3.4351 10.0000
7.8258 9.7242
5.5188 8.1711
2.6688 5.3985
4.4863 5.0234
10.0000 4.4670
6.5863 2.9237
5.1969 5.6170
0.9247 5.0885
3.4343 7.2641
8.5660 3.2286
7.5531 5.5930
10.0000 5.7310
7.1777 3.3933
7.7305 7.5790
7.2786 5.4081
5.3629 1.4124
6.9636 8.2505
9.1251 4.6321
4.2735 1.7852
4.6254 4.2394
5.7189 8.3019
2.8689 4.5910
5.8838 9.3470
6.2899 6.0221
2.1168 3.3951
8.5188 2.5054
9.0984 4.8596
5.9446 10.0000
6.3733 8.0552
7.6869 0.1937
10.0000 7.0461
8.2366 6.2347
6.0233 7.0772
7.6044 8.7605
7.2752 10.0000
6.8510 2.4806
4.0708 6.9442
7.0266 2.0135
9.2330 2.6714
1.4700 5.1752
7.5006 1.2626
0.5648 3.8218
3.4602 4.0369
10.0000 3.3027
8.6592 5.8747
6.5912 3.4594
6.0223 3.1966
7.3206 6.8965
1.2983 6.5403
6.4448 8.7611
4.9593 5.3742
7.5918 4.9340
2.5829 5.7652
5.4366 8.1344
8.8394 5.0164
2.8090 3.5936
6.5089 6.9383
6.0331 4.2385
3.2169 7.8287
4.3254 7.4754
5.7379 9.1476
3.7200 6.8370
0.8405 4.4163
4.7822 8.1396
7.2818 9.5374
3.9492 4.5119
1.5256 3.2416
2.3287 8.2900
6.7235 5.9708
1.4330 4.1226
9.6888 5.8722
4.9597 8.7775
3.9418 8.8042
