10.48
8.05
14.57
7.81
11.36
7.58
14.98
12.15
12.75
11.36
9.28
8.29
7.77
5.70
9.16
7.99
14.54
14.77
6.70
10.37
5.96
12.45
13.78
7.16
6.47
9.10
14.04
13.53
7.39
10.24
6.18
14.68
12.18
7.98
12.28
10.36
7.03
5.17
13.07
6.26
13.31
8.51
12.86
12.06
13.11
7.78
12.46
11.18
10.09
9.96
10.08
12.91
12.97
8.15
9.89
8.88
8.20
12.20
14.62
12.53
8.74
12.99
14.84
11.31
14.41
11.61
9.00
11.67
11.20
11.47
8.78
6.34
5.37
6.78
13.02
8.81
5.95
13.80
5.41
10.89
14.31
7.51
9.91
14.96
14.28
13.58
9.10
12.95
12.01
10.27
14.61
11.42
13.13
6.22
11.51
5.39
10.84
11.34
12.97
12.66
