1542
1823
1884
1051
1478
1900
1366
1305
654
1913
1158
1241
2090
2478
565
1927
595
2229
615
1678
2109
848
465
1831
1091
2613
571
171
679
2978
1122
692
1019
1090
1755
2824
1427
2286
2614
537
226
1058
2383
2102
695
1208
2055
1285
237
405
820
1686
1534
1045
994
89
2167
1043
132
2291
86
732
2148
1645
1838
1341
765
1161
99
1441
1967
649
2656
870
928
1184
1131
1519
140
236
52
2350
1926
1473
2266
2550
1319
510
2395
2997
127
2024
1009
1539
1583
1160
1057
1512
289
2204
1070
1827
2901
336
1785
1311
2053
2975
877
2578
1315
85
151
219
686
724
900
250
287
124
1799
1948
751
1547
2628
1704
2505
1119
2795
2828
187
2786
2348
1607
2184
1033
376
594
2352
1120
1299
1656
1531
2434
1255
772
2888
1892
984
1936
145
1000
1048
1942
1754
1202
2166
2654
2706
2545
246
2177
88
1874
185
1253
1
2171
2910
1822
1625
1553
1558
471
2049
709
2442
2145
1824
1476
1808
0
2761
2905
1464
2866
845
1293
2810
1508
2682
338
1032
1210
436
498
769
1376
1198
283
2326
2477
1492
1651
2403
1792
1381
2185
1517
353
624
2083
2264
2764
1712
2095
1211
1658
2417
2624
678
2494
1647
1044
609
801
2612
2732
2324
2865
1705
388
2483
1917
2333
2660
1493
288
1272
2757
361
2262
222
75
1778
2925
634
2189
2608
2449
2013
314
1447
1930
1966
1173
254
2462
2079
558
1300
1665
134
1756
1402
23
1139
1410
188
1961
1367
1670
2287
2574
710
930
2104
412
2016
919
747
1908
2663
2453
2201
1332
2554
1222
392
1630
253
1135
2668
590
2735
2355
1901
1379
2498
1615
