0 96
0 11
0 93
0 22
0 30
1 84
1 2
1 87
1 39
1 86
2 15
2 51
2 44
2 68
2 57
3 97
3 88
3 48
3 14
3 42
4 66
4 50
4 73
4 19
4 34
5 47
5 80
5 24
5 59
5 56
6 6
6 78
6 56
6 3
6 62
7 6
7 78
7 56
7 62
7 60
8 35
8 29
8 25
8 46
8 5
9 55
9 90
9 65
9 81
9 61
10 88
10 97
10 48
10 23
10 14
11 76
11 56
11 20
11 78
11 6
12 22
12 93
12 9
12 11
12 96
13 66
13 73
13 50
13 6
13 19
14 58
14 86
14 23
14 52
14 84
15 76
15 20
15 35
15 41
15 46
16 23
16 32
16 14
16 97
16 88
17 10
17 99
17 72
17 17
17 38
18 64
18 8
18 22
18 39
18 93
19 47
19 56
19 24
19 78
19 6
20 88
20 97
20 48
20 26
20 40
21 63
21 19
21 0
21 34
21 50
22 9
22 31
22 70
22 98
22 93
23 76
23 59
23 56
23 1
23 80
24 4
24 79
24 74
24 61
24 16
25 8
25 64
25 52
25 54
25 85
26 81
26 95
26 35
26 29
26 41
27 12
27 98
27 28
27 21
27 31
28 23
28 32
28 52
28 14
28 85
29 74
29 16
29 27
29 96
29 61
30 77
30 40
30 48
30 88
30 72
31 23
31 48
31 88
31 77
31 32
32 76
32 20
32 41
32 35
32 34
33 61
33 4
33 74
33 79
33 16
34 96
34 30
34 11
34 27
34 16
35 18
35 99
35 72
35 10
35 38
36 46
36 5
36 35
36 25
36 1
37 14
37 69
37 32
37 53
37 42
38 99
38 89
38 10
38 17
38 38
39 56
39 78
39 6
39 47
39 24
40 51
40 53
40 44
40 91
40 69
41 29
41 25
41 5
41 35
41 31
42 11
42 96
42 61
42 74
42 16
43 94
43 79
43 27
43 30
43 16
44 32
44 23
44 52
44 14
44 97
45 29
45 81
45 61
45 25
45 95
46 34
46 20
46 50
46 41
46 63
47 61
47 29
47 74
47 11
47 81
48 0
48 83
48 63
48 65
48 95
49 95
49 81
49 65
49 41
49 35
50 57
50 92
50 54
50 85
50 53
51 47
51 24
51 56
51 78
51 3
52 8
52 22
52 9
52 64
52 70
53 41
53 20
53 35
53 34
53 95
54 52
54 23
54 32
54 14
54 54
55 95
55 63
55 81
55 65
55 83
56 37
56 43
56 77
56 48
56 40
57 48
57 77
57 88
57 40
57 97
58 4
58 61
58 79
58 55
58 74
59 10
59 17
59 38
59 72
59 89
60 54
60 85
60 52
60 8
60 32
61 42
61 69
61 26
61 97
61 17
62 92
62 57
62 75
62 13
62 80
63 85
63 53
63 54
63 32
63 14
64 62
64 71
64 60
64 3
64 33
65 98
65 31
65 28
65 70
65 21
66 25
66 5
66 21
66 28
66 46
67 42
67 26
67 17
67 38
67 69
68 68
68 15
68 45
68 7
68 49
69 50
69 34
69 20
69 66
69 76
70 18
70 82
70 99
70 49
70 72
71 52
71 8
71 54
71 85
71 32
72 88
72 48
72 97
72 23
72 40
73 52
73 54
73 85
73 32
73 53
74 20
74 76
74 34
74 50
74 41
75 57
75 51
75 53
75 92
75 44
76 64
76 96
76 11
76 93
76 22
77 30
77 27
77 16
77 74
77 94
78 0
78 19
78 63
78 34
78 73
79 99
79 18
79 72
79 10
79 38
80 31
80 98
80 28
80 70
80 21
81 62
81 71
81 60
81 3
81 33
82 51
82 57
82 44
82 53
82 92
83 54
83 85
83 52
83 53
83 32
84 33
84 73
84 60
84 71
84 66
85 43
85 37
85 58
85 23
85 86
86 15
86 68
86 45
86 49
86 36
87 30
87 27
87 96
87 16
87 11
88 40
88 26
88 72
88 48
88 38
89 77
89 48
89 40
89 88
89 97
90 4
90 79
90 61
90 74
90 16
91 81
91 55
91 65
91 29
91 95
92 77
92 37
92 43
92 48
92 40
93 95
93 81
93 65
93 63
93 83
94 76
94 20
94 41
94 35
94 46
95 93
95 11
95 22
95 31
95 96
96 64
96 8
96 22
96 93
96 9
97 11
97 96
97 93
97 22
97 31
98 82
98 45
98 49
98 68
98 18
99 60
99 71
99 33
99 73
99 62
100 58
100 86
100 43
100 23
100 37
101 79
101 16
101 74
101 27
101 4
102 61
102 74
102 16
102 27
102 96
103 24
103 47
103 15
103 80
103 7
104 5
104 25
104 46
104 21
104 1
105 19
105 73
105 66
105 50
105 34
106 51
106 44
106 53
106 57
106 36
107 7
107 15
107 68
107 24
107 3
108 59
108 80
108 76
108 1
108 46
109 80
109 75
109 47
109 59
109 24
110 3
110 7
110 24
110 15
110 47
111 7
111 68
111 15
111 24
111 3
112 52
112 32
112 23
112 8
112 54
113 56
113 78
113 47
113 6
113 24
114 35
114 41
114 20
114 29
114 76
115 61
115 29
115 74
115 81
115 11
116 61
116 74
116 11
116 96
116 16
117 63
117 34
117 19
117 50
117 20
118 9
118 70
118 22
118 98
118 31
119 75
119 92
119 80
119 13
119 57
120 31
120 98
120 70
120 28
120 9
121 43
121 37
121 58
121 86
121 77
122 86
122 58
122 84
122 2
122 87
123 1
123 59
123 46
123 5
123 13
124 69
124 14
124 42
124 97
124 91
125 34
125 50
125 63
125 20
125 19
126 55
126 90
126 65
126 61
126 81
127 16
127 74
127 27
127 79
127 30
128 34
128 63
128 20
128 41
128 50
129 72
129 10
129 99
129 38
129 17
130 11
130 96
130 93
130 22
130 74
131 40
131 48
131 88
131 77
131 26
132 29
132 81
132 25
132 61
132 35
133 60
133 71
133 33
133 73
133 6
134 83
134 65
134 90
134 55
134 0
135 79
135 94
135 27
135 16
135 74
136 15
136 68
136 7
136 24
136 45
137 43
137 37
137 77
137 58
137 86
138 76
138 46
138 1
138 35
138 20
139 46
139 1
139 5
139 25
139 21
140 20
140 41
140 34
140 63
140 50
141 11
141 96
141 93
141 22
141 31
142 93
142 11
142 31
142 96
142 22
143 76
143 20
143 56
143 6
143 78
144 14
144 69
144 42
144 97
144 32
145 81
145 95
145 29
145 65
145 35
146 56
146 78
146 6
146 76
146 50
147 95
147 81
147 35
147 41
147 29
148 89
148 17
148 10
148 91
148 42
149 34
149 20
149 50
149 41
149 63
150 0
150 63
150 19
150 83
150 34
151 32
151 85
151 54
151 14
151 53
152 94
152 79
152 27
152 67
152 30
153 20
153 34
153 41
153 76
153 50
154 0
154 19
154 63
154 34
154 50
155 95
155 65
155 81
155 83
155 63
156 33
156 73
156 66
156 19
156 60
157 37
157 43
157 77
157 48
157 40
158 29
158 25
158 5
158 35
158 46
159 37
159 43
159 77
159 58
159 48
160 9
160 70
160 22
160 92
160 8
161 36
161 44
161 89
161 91
161 99
162 95
162 65
162 81
162 83
162 63
163 71
163 60
163 62
163 33
163 73
164 62
164 71
164 60
164 33
164 3
165 76
165 6
165 20
165 50
165 56
166 6
166 73
166 66
166 78
166 33
167 66
167 50
167 6
167 73
167 34
168 76
168 56
168 59
168 20
168 78
169 69
169 14
169 91
169 42
169 97
170 24
170 7
170 15
170 47
170 3
171 11
171 96
171 93
171 22
171 30
172 61
172 74
172 4
172 79
172 16
173 67
173 2
173 84
173 87
173 39
174 71
174 60
174 33
174 62
174 73
175 30
175 87
175 39
175 27
175 96
176 30
176 27
176 16
176 94
176 74
177 7
177 68
177 24
177 15
177 3
178 95
178 41
178 63
178 20
178 34
179 94
179 79
179 27
179 16
179 30
180 85
180 54
180 53
180 57
180 51
181 23
181 88
181 97
181 48
181 14
182 27
182 16
182 74
182 30
182 79
183 36
183 49
183 45
183 44
183 99
184 25
184 29
184 31
184 5
184 28
185 37
185 43
185 77
185 23
185 58
186 24
186 47
186 15
186 7
186 3
187 40
187 72
187 38
187 26
187 10
188 90
188 83
188 55
188 65
188 81
189 76
189 20
189 41
189 35
189 56
190 50
190 34
190 66
190 19
190 20
191 3
191 62
191 7
191 78
191 24
192 15
192 68
192 51
192 44
192 36
193 41
193 20
193 95
193 63
193 34
194 58
194 86
194 23
194 52
194 32
195 4
195 79
195 16
195 74
195 61
196 52
196 32
196 54
196 85
196 23
197 18
197 82
197 49
197 99
197 45
198 30
198 27
198 16
198 74
198 96
199 3
199 24
199 47
199 56
199 78
200 98
200 12
200 28
200 70
200 31
201 22
201 9
201 93
201 70
201 8
202 46
202 5
202 25
202 1
202 35
203 98
203 12
203 28
203 70
203 31
204 21
204 1
204 5
204 46
204 28
205 14
205 69
205 53
205 91
205 32
206 57
206 51
206 53
206 92
206 44
207 76
207 20
207 41
207 35
207 50
208 75
208 80
208 92
208 13
208 47
209 76
209 56
209 78
209 6
209 20
210 76
210 20
210 41
210 50
210 34
211 84
211 2
211 67
211 87
211 39
212 99
212 18
212 10
212 89
212 36
213 83
213 90
213 65
213 55
213 95
214 80
214 75
214 59
214 13
214 47
215 23
215 58
215 32
215 52
215 86
216 20
216 76
216 41
216 34
216 50
217 19
217 63
217 0
217 34
217 50
218 57
218 51
218 92
218 75
218 15
219 40
219 72
219 77
219 38
219 10
220 33
220 73
220 19
220 66
220 50
221 41
221 35
221 20
221 76
221 29
222 80
222 47
222 24
222 75
222 59
223 76
223 56
223 78
223 59
223 20
224 59
224 76
224 56
224 1
224 80
225 2
225 87
225 39
225 84
225 67
226 84
226 2
226 67
226 87
226 39
227 4
227 79
227 61
227 74
227 16
228 96
228 30
228 11
228 27
228 16
229 14
229 32
229 85
229 69
229 53
230 57
230 92
230 53
230 75
230 51
231 0
231 19
231 63
231 34
231 73
232 47
232 56
232 24
232 78
232 6
233 70
233 92
233 9
233 12
233 98
234 40
234 48
234 77
234 88
234 26
235 8
235 52
235 64
235 39
235 87
236 6
236 66
236 73
236 50
236 78
237 35
237 29
237 41
237 46
237 25
238 83
238 0
238 65
238 63
238 95
239 56
239 78
239 6
239 47
239 76
240 61
240 29
240 81
240 74
240 55
241 46
241 35
241 5
241 25
241 1
242 7
242 3
242 24
242 68
242 15
243 61
243 74
243 16
243 27
243 96
244 63
244 34
244 19
244 50
244 66
245 68
245 7
245 15
245 45
245 49
246 57
246 92
246 75
246 51
246 80
247 30
247 96
247 11
247 27
247 16
248 44
248 91
248 51
248 69
248 53
249 27
249 30
249 16
249 79
249 94
250 28
250 21
250 31
250 98
250 25
251 99
251 36
251 89
251 91
251 10
252 6
252 78
252 60
252 73
252 66
253 63
253 34
253 19
253 50
253 0
254 94
254 79
254 27
254 16
254 30
255 96
255 11
255 74
255 16
255 27
256 62
256 3
256 60
256 71
256 7
257 90
257 55
257 83
257 65
257 81
258 81
258 95
258 29
258 35
258 65
259 93
259 11
259 96
259 31
259 22
260 61
260 4
260 74
260 79
260 16
261 4
261 79
261 16
261 74
261 61
262 78
262 56
262 47
262 3
262 24
263 8
263 64
263 22
263 52
263 54
264 3
264 78
264 56
264 6
264 24
265 33
265 73
265 60
265 66
265 71
266 88
266 97
266 48
266 40
266 26
267 3
267 62
267 78
267 6
267 56
268 72
268 10
268 38
268 17
268 40
269 44
269 51
269 36
269 53
269 91
270 33
270 73
270 66
270 19
270 50
271 95
271 81
271 65
271 41
271 35
272 47
272 56
272 78
272 80
272 24
273 47
273 24
273 80
273 56
273 78
274 29
274 25
274 5
274 35
274 81
275 23
275 48
275 77
275 88
275 37
276 74
276 16
276 27
276 79
276 30
277 92
277 70
277 75
277 57
277 13
278 76
278 20
278 41
278 35
278 46
279 32
279 14
279 23
279 52
279 85
280 96
280 30
280 11
280 27
280 16
281 63
281 34
281 20
281 41
281 19
282 36
282 44
282 89
282 91
282 99
283 31
283 11
283 93
283 28
283 96
284 80
284 59
284 75
284 47
284 13
285 39
285 87
285 64
285 2
285 52
286 64
286 8
286 39
286 22
286 87
287 30
287 27
287 16
287 74
287 94
288 8
288 52
288 64
288 54
288 85
289 72
289 40
289 38
289 26
289 10
290 64
290 39
290 87
290 30
290 96
291 4
291 79
291 61
291 74
291 16
292 51
292 57
292 53
292 44
292 92
293 99
293 10
293 89
293 72
293 17
294 84
294 86
294 2
294 58
294 39
295 25
295 5
295 21
295 46
295 28
296 10
296 72
296 38
296 17
296 26
297 83
297 65
297 0
297 95
297 63
298 30
298 87
298 39
298 27
298 67
299 87
299 39
299 2
299 84
299 67
96 0
11 0
93 0
22 0
30 0
84 1
2 1
87 1
39 1
86 1
15 2
51 2
44 2
68 2
57 2
97 3
88 3
48 3
14 3
42 3
66 4
50 4
73 4
19 4
34 4
47 5
80 5
24 5
59 5
56 5
6 6
78 6
56 6
3 6
62 6
6 7
78 7
56 7
62 7
60 7
35 8
29 8
25 8
46 8
5 8
55 9
90 9
65 9
81 9
61 9
88 10
97 10
48 10
23 10
14 10
76 11
56 11
20 11
78 11
6 11
22 12
93 12
9 12
11 12
96 12
66 13
73 13
50 13
6 13
19 13
58 14
86 14
23 14
52 14
84 14
76 15
20 15
35 15
41 15
46 15
23 16
32 16
14 16
97 16
88 16
10 17
99 17
72 17
17 17
38 17
64 18
8 18
22 18
39 18
93 18
47 19
56 19
24 19
78 19
6 19
88 20
97 20
48 20
26 20
40 20
63 21
19 21
0 21
34 21
50 21
9 22
31 22
70 22
98 22
93 22
76 23
59 23
56 23
1 23
80 23
4 24
79 24
74 24
61 24
16 24
8 25
64 25
52 25
54 25
85 25
81 26
95 26
35 26
29 26
41 26
12 27
98 27
28 27
21 27
31 27
23 28
32 28
52 28
14 28
85 28
74 29
16 29
27 29
96 29
61 29
77 30
40 30
48 30
88 30
72 30
23 31
48 31
88 31
77 31
32 31
76 32
20 32
41 32
35 32
34 32
61 33
4 33
74 33
79 33
16 33
96 34
30 34
11 34
27 34
16 34
18 35
99 35
72 35
10 35
38 35
46 36
5 36
35 36
25 36
1 36
14 37
69 37
32 37
53 37
42 37
99 38
89 38
10 38
17 38
38 38
56 39
78 39
6 39
47 39
24 39
51 40
53 40
44 40
91 40
69 40
29 41
25 41
5 41
35 41
31 41
11 42
96 42
61 42
74 42
16 42
94 43
79 43
27 43
30 43
16 43
32 44
23 44
52 44
14 44
97 44
29 45
81 45
61 45
25 45
95 45
34 46
20 46
50 46
41 46
63 46
61 47
29 47
74 47
11 47
81 47
0 48
83 48
63 48
65 48
95 48
95 49
81 49
65 49
41 49
35 49
57 50
92 50
54 50
85 50
53 50
47 51
24 51
56 51
78 51
3 51
8 52
22 52
9 52
64 52
70 52
41 53
20 53
35 53
34 53
95 53
52 54
23 54
32 54
14 54
54 54
95 55
63 55
81 55
65 55
83 55
37 56
43 56
77 56
48 56
40 56
48 57
77 57
88 57
40 57
97 57
4 58
61 58
79 58
55 58
74 58
10 59
17 59
38 59
72 59
89 59
54 60
85 60
52 60
8 60
32 60
42 61
69 61
26 61
97 61
17 61
92 62
57 62
75 62
13 62
80 62
85 63
53 63
54 63
32 63
14 63
62 64
71 64
60 64
3 64
33 64
98 65
31 65
28 65
70 65
21 65
25 66
5 66
21 66
28 66
46 66
42 67
26 67
17 67
38 67
69 67
68 68
15 68
45 68
7 68
49 68
50 69
34 69
20 69
66 69
76 69
18 70
82 70
99 70
49 70
72 70
52 71
8 71
54 71
85 71
32 71
88 72
48 72
97 72
23 72
40 72
52 73
54 73
85 73
32 73
53 73
20 74
76 74
34 74
50 74
41 74
57 75
51 75
53 75
92 75
44 75
64 76
96 76
11 76
93 76
22 76
30 77
27 77
16 77
74 77
94 77
0 78
19 78
63 78
34 78
73 78
99 79
18 79
72 79
10 79
38 79
31 80
98 80
28 80
70 80
21 80
62 81
71 81
60 81
3 81
33 81
51 82
57 82
44 82
53 82
92 82
54 83
85 83
52 83
53 83
32 83
33 84
73 84
60 84
71 84
66 84
43 85
37 85
58 85
23 85
86 85
15 86
68 86
45 86
49 86
36 86
30 87
27 87
96 87
16 87
11 87
40 88
26 88
72 88
48 88
38 88
77 89
48 89
40 89
88 89
97 89
4 90
79 90
61 90
74 90
16 90
81 91
55 91
65 91
29 91
95 91
77 92
37 92
43 92
48 92
40 92
95 93
81 93
65 93
63 93
83 93
76 94
20 94
41 94
35 94
46 94
93 95
11 95
22 95
31 95
96 95
64 96
8 96
22 96
93 96
9 96
11 97
96 97
93 97
22 97
31 97
82 98
45 98
49 98
68 98
18 98
60 99
71 99
33 99
73 99
62 99
58 100
86 100
43 100
23 100
37 100
79 101
16 101
74 101
27 101
4 101
61 102
74 102
16 102
27 102
96 102
24 103
47 103
15 103
80 103
7 103
5 104
25 104
46 104
21 104
1 104
19 105
73 105
66 105
50 105
34 105
51 106
44 106
53 106
57 106
36 106
7 107
15 107
68 107
24 107
3 107
59 108
80 108
76 108
1 108
46 108
80 109
75 109
47 109
59 109
24 109
3 110
7 110
24 110
15 110
47 110
7 111
68 111
15 111
24 111
3 111
52 112
32 112
23 112
8 112
54 112
56 113
78 113
47 113
6 113
24 113
35 114
41 114
20 114
29 114
76 114
61 115
29 115
74 115
81 115
11 115
61 116
74 116
11 116
96 116
16 116
63 117
34 117
19 117
50 117
20 117
9 118
70 118
22 118
98 118
31 118
75 119
92 119
80 119
13 119
57 119
31 120
98 120
70 120
28 120
9 120
43 121
37 121
58 121
86 121
77 121
86 122
58 122
84 122
2 122
87 122
1 123
59 123
46 123
5 123
13 123
69 124
14 124
42 124
97 124
91 124
34 125
50 125
63 125
20 125
19 125
55 126
90 126
65 126
61 126
81 126
16 127
74 127
27 127
79 127
30 127
34 128
63 128
20 128
41 128
50 128
72 129
10 129
99 129
38 129
17 129
11 130
96 130
93 130
22 130
74 130
40 131
48 131
88 131
77 131
26 131
29 132
81 132
25 132
61 132
35 132
60 133
71 133
33 133
73 133
6 133
83 134
65 134
90 134
55 134
0 134
79 135
94 135
27 135
16 135
74 135
15 136
68 136
7 136
24 136
45 136
43 137
37 137
77 137
58 137
86 137
76 138
46 138
1 138
35 138
20 138
46 139
1 139
5 139
25 139
21 139
20 140
41 140
34 140
63 140
50 140
11 141
96 141
93 141
22 141
31 141
93 142
11 142
31 142
96 142
22 142
76 143
20 143
56 143
6 143
78 143
14 144
69 144
42 144
97 144
32 144
81 145
95 145
29 145
65 145
35 145
56 146
78 146
6 146
76 146
50 146
95 147
81 147
35 147
41 147
29 147
89 148
17 148
10 148
91 148
42 148
34 149
20 149
50 149
41 149
63 149
0 150
63 150
19 150
83 150
34 150
32 151
85 151
54 151
14 151
53 151
94 152
79 152
27 152
67 152
30 152
20 153
34 153
41 153
76 153
50 153
0 154
19 154
63 154
34 154
50 154
95 155
65 155
81 155
83 155
63 155
33 156
73 156
66 156
19 156
60 156
37 157
43 157
77 157
48 157
40 157
29 158
25 158
5 158
35 158
46 158
37 159
43 159
77 159
58 159
48 159
9 160
70 160
22 160
92 160
8 160
36 161
44 161
89 161
91 161
99 161
95 162
65 162
81 162
83 162
63 162
71 163
60 163
62 163
33 163
73 163
62 164
71 164
60 164
33 164
3 164
76 165
6 165
20 165
50 165
56 165
6 166
73 166
66 166
78 166
33 166
66 167
50 167
6 167
73 167
34 167
76 168
56 168
59 168
20 168
78 168
69 169
14 169
91 169
42 169
97 169
24 170
7 170
15 170
47 170
3 170
11 171
96 171
93 171
22 171
30 171
61 172
74 172
4 172
79 172
16 172
67 173
2 173
84 173
87 173
39 173
71 174
60 174
33 174
62 174
73 174
30 175
87 175
39 175
27 175
96 175
30 176
27 176
16 176
94 176
74 176
7 177
68 177
24 177
15 177
3 177
95 178
41 178
63 178
20 178
34 178
94 179
79 179
27 179
16 179
30 179
85 180
54 180
53 180
57 180
51 180
23 181
88 181
97 181
48 181
14 181
27 182
16 182
74 182
30 182
79 182
36 183
49 183
45 183
44 183
99 183
25 184
29 184
31 184
5 184
28 184
37 185
43 185
77 185
23 185
58 185
24 186
47 186
15 186
7 186
3 186
40 187
72 187
38 187
26 187
10 187
90 188
83 188
55 188
65 188
81 188
76 189
20 189
41 189
35 189
56 189
50 190
34 190
66 190
19 190
20 190
3 191
62 191
7 191
78 191
24 191
15 192
68 192
51 192
44 192
36 192
41 193
20 193
95 193
63 193
34 193
58 194
86 194
23 194
52 194
32 194
4 195
79 195
16 195
74 195
61 195
52 196
32 196
54 196
85 196
23 196
18 197
82 197
49 197
99 197
45 197
30 198
27 198
16 198
74 198
96 198
3 199
24 199
47 199
56 199
78 199
98 200
12 200
28 200
70 200
31 200
22 201
9 201
93 201
70 201
8 201
46 202
5 202
25 202
1 202
35 202
98 203
12 203
28 203
70 203
31 203
21 204
1 204
5 204
46 204
28 204
14 205
69 205
53 205
91 205
32 205
57 206
51 206
53 206
92 206
44 206
76 207
20 207
41 207
35 207
50 207
75 208
80 208
92 208
13 208
47 208
76 209
56 209
78 209
6 209
20 209
76 210
20 210
41 210
50 210
34 210
84 211
2 211
67 211
87 211
39 211
99 212
18 212
10 212
89 212
36 212
83 213
90 213
65 213
55 213
95 213
80 214
75 214
59 214
13 214
47 214
23 215
58 215
32 215
52 215
86 215
20 216
76 216
41 216
34 216
50 216
19 217
63 217
0 217
34 217
50 217
57 218
51 218
92 218
75 218
15 218
40 219
72 219
77 219
38 219
10 219
33 220
73 220
19 220
66 220
50 220
41 221
35 221
20 221
76 221
29 221
80 222
47 222
24 222
75 222
59 222
76 223
56 223
78 223
59 223
20 223
59 224
76 224
56 224
1 224
80 224
2 225
87 225
39 225
84 225
67 225
84 226
2 226
67 226
87 226
39 226
4 227
79 227
61 227
74 227
16 227
96 228
30 228
11 228
27 228
16 228
14 229
32 229
85 229
69 229
53 229
57 230
92 230
53 230
75 230
51 230
0 231
19 231
63 231
34 231
73 231
47 232
56 232
24 232
78 232
6 232
70 233
92 233
9 233
12 233
98 233
40 234
48 234
77 234
88 234
26 234
8 235
52 235
64 235
39 235
87 235
6 236
66 236
73 236
50 236
78 236
35 237
29 237
41 237
46 237
25 237
83 238
0 238
65 238
63 238
95 238
56 239
78 239
6 239
47 239
76 239
61 240
29 240
81 240
74 240
55 240
46 241
35 241
5 241
25 241
1 241
7 242
3 242
24 242
68 242
15 242
61 243
74 243
16 243
27 243
96 243
63 244
34 244
19 244
50 244
66 244
68 245
7 245
15 245
45 245
49 245
57 246
92 246
75 246
51 246
80 246
30 247
96 247
11 247
27 247
16 247
44 248
91 248
51 248
69 248
53 248
27 249
30 249
16 249
79 249
94 249
28 250
21 250
31 250
98 250
25 250
99 251
36 251
89 251
91 251
10 251
6 252
78 252
60 252
73 252
66 252
63 253
34 253
19 253
50 253
0 253
94 254
79 254
27 254
16 254
30 254
96 255
11 255
74 255
16 255
27 255
62 256
3 256
60 256
71 256
7 256
90 257
55 257
83 257
65 257
81 257
81 258
95 258
29 258
35 258
65 258
93 259
11 259
96 259
31 259
22 259
61 260
4 260
74 260
79 260
16 260
4 261
79 261
16 261
74 261
61 261
78 262
56 262
47 262
3 262
24 262
8 263
64 263
22 263
52 263
54 263
3 264
78 264
56 264
6 264
24 264
33 265
73 265
60 265
66 265
71 265
88 266
97 266
48 266
40 266
26 266
3 267
62 267
78 267
6 267
56 267
72 268
10 268
38 268
17 268
40 268
44 269
51 269
36 269
53 269
91 269
33 270
73 270
66 270
19 270
50 270
95 271
81 271
65 271
41 271
35 271
47 272
56 272
78 272
80 272
24 272
47 273
24 273
80 273
56 273
78 273
29 274
25 274
5 274
35 274
81 274
23 275
48 275
77 275
88 275
37 275
74 276
16 276
27 276
79 276
30 276
92 277
70 277
75 277
57 277
13 277
76 278
20 278
41 278
35 278
46 278
32 279
14 279
23 279
52 279
85 279
96 280
30 280
11 280
27 280
16 280
63 281
34 281
20 281
41 281
19 281
36 282
44 282
89 282
91 282
99 282
31 283
11 283
93 283
28 283
96 283
80 284
59 284
75 284
47 284
13 284
39 285
87 285
64 285
2 285
52 285
64 286
8 286
39 286
22 286
87 286
30 287
27 287
16 287
74 287
94 287
8 288
52 288
64 288
54 288
85 288
72 289
40 289
38 289
26 289
10 289
64 290
39 290
87 290
30 290
96 290
4 291
79 291
61 291
74 291
16 291
51 292
57 292
53 292
44 292
92 292
99 293
10 293
89 293
72 293
17 293
84 294
86 294
2 294
58 294
39 294
25 295
5 295
21 295
46 295
28 295
10 296
72 296
38 296
17 296
26 296
83 297
65 297
0 297
95 297
63 297
30 298
87 298
39 298
27 298
67 298
87 299
39 299
2 299
84 299
67 299
