0 14
0 70
0 28
0 0
0 65
1 81
1 63
1 85
1 69
1 89
2 53
2 9
2 25
2 35
2 88
3 51
3 42
3 84
3 98
3 24
4 70
4 96
4 82
4 29
4 46
5 4
5 46
5 58
5 0
5 28
6 95
6 99
6 1
6 31
6 79
7 39
7 78
7 37
7 75
7 1
8 36
8 18
8 48
8 86
8 23
9 51
9 42
9 24
9 74
9 84
10 37
10 75
10 39
10 78
10 3
11 33
11 5
11 45
11 57
11 11
12 37
12 75
12 59
12 3
12 78
13 91
13 6
13 98
13 51
13 92
14 70
14 14
14 46
14 82
14 96
15 20
15 30
15 68
15 40
15 61
16 4
16 58
16 41
16 0
16 26
17 92
17 55
17 26
17 7
17 6
18 80
18 24
18 85
18 84
18 42
19 45
19 33
19 5
19 20
19 11
20 57
20 5
20 11
20 16
20 13
21 10
21 15
21 79
21 65
21 1
22 90
22 54
22 56
22 98
22 51
23 94
23 52
23 62
23 66
23 56
24 3
24 59
24 75
24 78
24 37
25 61
25 89
25 63
25 60
25 69
26 56
26 52
26 90
26 98
26 54
27 68
27 67
27 60
27 20
27 55
28 20
28 45
28 33
28 68
28 5
29 34
29 54
29 90
29 56
29 52
30 24
30 74
30 85
30 97
30 81
31 51
31 55
31 92
31 42
31 84
32 68
32 20
32 61
32 30
32 40
33 45
33 41
33 7
33 33
33 68
34 17
34 49
34 43
34 12
34 19
35 96
35 29
35 82
35 70
35 11
36 98
36 56
36 90
36 52
36 94
37 70
37 96
37 46
37 82
37 29
38 28
38 65
38 0
38 10
38 39
39 4
39 58
39 28
39 0
39 14
40 97
40 74
40 71
40 27
40 34
41 98
41 56
41 90
41 52
41 51
42 91
42 6
42 99
42 95
42 83
43 60
43 67
43 68
43 55
43 92
44 29
44 82
44 96
44 16
44 11
45 46
45 11
45 82
45 29
45 96
46 7
46 26
46 41
46 92
46 55
47 68
47 67
47 60
47 20
47 61
48 99
48 1
48 79
48 15
48 95
49 31
49 59
49 49
49 3
49 78
50 36
50 48
50 27
50 18
50 86
51 83
51 87
51 47
51 62
51 76
52 60
52 67
52 61
52 89
52 80
53 87
53 47
53 62
53 76
53 83
54 30
54 9
54 25
54 53
54 40
55 64
55 40
55 50
55 69
55 73
56 40
56 50
56 64
56 69
56 61
57 14
57 28
57 0
57 65
57 4
58 46
58 11
58 82
58 96
58 29
59 4
59 58
59 41
59 26
59 7
60 65
60 10
60 39
60 0
60 15
61 70
61 14
61 46
61 96
61 82
62 27
62 34
62 97
62 71
62 36
63 60
63 67
63 68
63 61
63 89
64 46
64 14
64 70
64 28
64 4
65 70
65 46
65 96
65 82
65 29
66 20
66 53
66 68
66 9
66 25
67 97
67 71
67 77
67 74
67 81
68 4
68 58
68 0
68 28
68 14
69 46
69 41
69 4
69 58
69 7
70 6
70 91
70 26
70 7
70 99
71 68
71 20
71 67
71 60
71 45
72 51
72 42
72 24
72 74
72 84
73 53
73 25
73 9
73 35
73 88
74 43
74 17
74 12
74 19
74 22
75 47
75 87
75 76
75 44
75 62
76 13
76 57
76 16
76 32
76 5
77 14
77 70
77 46
77 28
77 0
78 80
78 60
78 84
78 89
78 61
79 29
79 82
79 96
79 16
79 11
80 35
80 53
80 25
80 9
80 32
81 65
81 10
81 28
81 0
81 39
82 76
82 47
82 44
82 8
82 87
83 58
83 4
83 10
83 15
83 0
84 13
84 32
84 5
84 57
84 33
85 70
85 14
85 46
85 96
85 82
86 1
86 99
86 79
86 15
86 95
87 28
87 0
87 65
87 4
87 10
88 70
88 96
88 14
88 46
88 82
89 70
89 14
89 96
89 46
89 82
90 65
90 10
90 39
90 0
90 28
91 28
91 0
91 4
91 58
91 10
92 14
92 28
92 0
92 4
92 58
93 45
93 68
93 20
93 33
93 67
94 25
94 9
94 53
94 88
94 72
95 45
95 68
95 33
95 67
95 41
96 39
96 65
96 1
96 10
96 79
97 40
97 61
97 50
97 30
97 69
98 45
98 41
98 33
98 11
98 7
99 77
99 71
99 97
99 74
99 81
100 81
100 74
100 85
100 97
100 77
101 14
101 70
101 28
101 46
101 0
102 93
102 23
102 77
102 71
102 18
103 20
103 53
103 9
103 32
103 25
104 17
104 8
104 44
104 76
104 47
105 45
105 33
105 11
105 46
105 41
106 28
106 65
106 0
106 10
106 39
107 6
107 91
107 99
107 26
107 15
108 83
108 91
108 6
108 22
108 87
109 69
109 50
109 63
109 61
109 89
110 33
110 45
110 5
110 57
110 11
111 60
111 67
111 68
111 61
111 89
112 9
112 25
112 53
112 88
112 72
113 70
113 14
113 46
113 96
113 82
114 46
114 4
114 41
114 58
114 0
115 45
115 41
115 33
115 11
115 46
116 30
116 72
116 9
116 25
116 40
117 39
117 37
117 75
117 78
117 65
118 41
118 7
118 26
118 4
118 58
119 11
119 46
119 33
119 45
119 5
120 41
120 7
120 26
120 92
120 46
121 14
121 70
121 28
121 0
121 65
122 31
122 3
122 59
122 78
122 49
123 5
123 57
123 33
123 13
123 11
124 77
124 73
124 93
124 71
124 81
125 54
125 94
125 52
125 2
125 90
126 30
126 20
126 9
126 53
126 25
127 99
127 95
127 1
127 79
127 91
128 98
128 56
128 52
128 90
128 83
129 49
129 12
129 59
129 31
129 3
130 92
130 55
130 26
130 7
130 41
131 96
131 82
131 29
131 11
131 46
132 14
132 70
132 46
132 28
132 0
133 66
133 94
133 62
133 52
133 54
134 30
134 72
134 9
134 40
134 25
135 98
135 56
135 90
135 52
135 54
136 51
136 42
136 24
136 74
136 98
137 20
137 68
137 45
137 67
137 60
138 61
138 89
138 60
138 67
138 68
139 45
139 33
139 20
139 68
139 5
140 73
140 50
140 64
140 40
140 69
141 15
141 99
141 58
141 79
141 4
142 62
142 44
142 66
142 76
142 47
143 92
143 55
143 6
143 91
143 51
144 48
144 36
144 86
144 27
144 18
145 95
145 12
145 19
145 31
145 22
146 13
146 5
146 32
146 57
146 33
147 98
147 90
147 56
147 54
147 52
148 49
148 12
148 43
148 17
148 59
149 46
149 41
149 11
149 7
149 26
150 92
150 55
150 60
150 67
150 68
151 32
151 35
151 53
151 20
151 13
152 54
152 90
152 56
152 52
152 98
153 27
153 34
153 36
153 48
153 97
154 24
154 84
154 42
154 80
154 85
155 17
155 43
155 8
155 12
155 44
156 22
156 83
156 43
156 19
156 47
157 73
157 93
157 77
157 50
157 23
158 63
158 69
158 89
158 61
158 81
159 41
159 7
159 26
159 4
159 58
160 98
160 51
160 6
160 91
160 56
161 32
161 35
161 53
161 13
161 20
162 38
162 21
162 48
162 86
162 27
163 94
163 54
163 2
163 52
163 90
164 98
164 52
164 94
164 56
164 83
165 55
165 92
165 84
165 42
165 51
166 4
166 58
166 0
166 28
166 15
167 70
167 14
167 46
167 96
167 82
168 77
168 93
168 71
168 73
168 23
169 25
169 9
169 72
169 88
169 53
170 29
170 16
170 82
170 96
170 57
171 40
171 64
171 30
171 50
171 69
172 84
172 55
172 92
172 42
172 51
173 2
173 21
173 38
173 54
173 94
174 95
174 12
174 19
174 31
174 22
175 20
175 53
175 32
175 9
175 35
176 38
176 48
176 21
176 86
176 27
177 13
177 5
177 57
177 33
177 45
178 17
178 8
178 44
178 76
178 43
179 70
179 96
179 82
179 29
179 46
180 54
180 34
180 90
180 56
180 52
181 41
181 7
181 26
181 58
181 4
182 70
182 14
182 96
182 46
182 82
183 26
183 7
183 92
183 55
183 41
184 2
184 54
184 34
184 94
184 52
185 38
185 21
185 48
185 27
185 34
186 38
186 21
186 86
186 48
186 27
187 14
187 70
187 28
187 46
187 0
188 66
188 62
188 94
188 52
188 87
189 1
189 99
189 31
189 79
189 95
190 30
190 9
190 53
190 25
190 20
191 39
191 65
191 10
191 1
191 79
192 9
192 53
192 25
192 35
192 30
193 52
193 56
193 98
193 94
193 90
194 49
194 12
194 31
194 19
194 43
195 25
195 9
195 53
195 88
195 72
196 68
196 67
196 60
196 20
196 45
197 46
197 11
197 82
197 29
197 96
198 45
198 33
198 41
198 11
198 5
199 4
199 28
199 0
199 58
199 14
200 28
200 0
200 4
200 58
200 10
201 98
201 56
201 90
201 52
201 54
202 1
202 79
202 78
202 3
202 39
203 13
203 16
203 57
203 5
203 33
204 47
204 76
204 83
204 87
204 22
205 11
205 57
205 5
205 82
205 29
206 70
206 14
206 46
206 96
206 82
207 55
207 92
207 84
207 60
207 67
208 31
208 78
208 3
208 59
208 95
209 82
209 29
209 96
209 11
209 57
210 92
210 55
210 60
210 67
210 7
211 49
211 59
211 3
211 31
211 12
212 34
212 27
212 54
212 97
212 90
213 57
213 13
213 16
213 5
213 33
214 44
214 76
214 8
214 47
214 87
215 46
215 11
215 70
215 82
215 96
216 28
216 0
216 4
216 58
216 65
217 27
217 34
217 48
217 36
217 38
218 46
218 11
218 41
218 45
218 33
219 21
219 38
219 2
219 48
219 86
220 22
220 19
220 43
220 12
220 95
221 83
221 87
221 47
221 76
221 22
222 14
222 28
222 0
222 65
222 4
223 75
223 37
223 59
223 3
223 78
224 54
224 2
224 94
224 52
224 90
225 76
225 47
225 87
225 44
225 8
226 41
226 7
226 26
226 46
226 45
227 83
227 87
227 22
227 47
227 95
228 95
228 22
228 99
228 83
228 19
229 62
229 66
229 94
229 87
229 47
230 20
230 45
230 68
230 32
230 33
231 70
231 14
231 96
231 46
231 82
232 59
232 3
232 75
232 78
232 37
233 22
233 95
233 19
233 12
233 43
234 73
234 77
234 93
234 50
234 81
235 95
235 22
235 83
235 19
235 99
236 39
236 37
236 75
236 65
236 78
237 81
237 74
237 85
237 97
237 24
238 92
238 26
238 7
238 55
238 41
239 30
239 9
239 25
239 53
239 72
240 51
240 42
240 84
240 24
240 98
241 55
241 60
241 92
241 67
241 84
242 38
242 21
242 34
242 2
242 27
243 79
243 15
243 10
243 1
243 65
244 83
244 22
244 87
244 47
244 95
245 95
245 22
245 19
245 12
245 83
246 45
246 11
246 33
246 46
246 41
247 96
247 82
247 29
247 11
247 46
248 72
248 88
248 25
248 9
248 30
249 24
249 85
249 80
249 42
249 84
250 24
250 74
250 85
250 97
250 42
251 70
251 14
251 96
251 46
251 82
252 45
252 20
252 33
252 68
252 5
253 84
253 51
253 42
253 55
253 92
254 89
254 61
254 63
254 80
254 69
255 70
255 96
255 82
255 29
255 14
256 35
256 53
256 25
256 9
256 32
257 14
257 70
257 46
257 28
257 0
258 85
258 63
258 81
258 80
258 89
259 14
259 70
259 46
259 28
259 0
260 27
260 34
260 36
260 71
260 97
261 34
261 51
261 54
261 90
261 56
262 91
262 6
262 99
262 98
262 83
263 46
263 11
263 41
263 33
263 45
264 4
264 58
264 41
264 7
264 26
265 54
265 2
265 94
265 52
265 90
266 12
266 43
266 19
266 49
266 22
267 1
267 79
267 78
267 31
267 99
268 82
268 29
268 96
268 11
268 46
269 62
269 94
269 66
269 87
269 52
270 95
270 99
270 22
270 83
270 91
271 65
271 39
271 28
271 10
271 0
272 54
272 90
272 52
272 56
272 94
273 65
273 39
273 10
273 28
273 0
274 98
274 52
274 56
274 94
274 90
275 95
275 99
275 31
275 1
275 79
276 98
276 56
276 90
276 52
276 54
277 98
277 51
277 56
277 90
277 52
278 98
278 56
278 90
278 52
278 94
279 14
279 70
279 46
279 96
279 82
280 68
280 67
280 60
280 20
280 45
281 65
281 28
281 0
281 39
281 10
282 30
282 9
282 25
282 53
282 72
283 34
283 2
283 27
283 21
283 38
284 46
284 11
284 82
284 33
284 29
285 41
285 46
285 7
285 26
285 4
286 51
286 55
286 42
286 84
286 92
287 60
287 67
287 55
287 92
287 68
288 13
288 16
288 57
288 32
288 5
289 72
289 88
289 30
289 25
289 9
290 88
290 72
290 25
290 9
290 53
291 60
291 67
291 55
291 92
291 68
292 24
292 42
292 74
292 85
292 84
293 28
293 0
293 14
293 4
293 65
294 38
294 21
294 48
294 27
294 34
295 17
295 49
295 43
295 12
295 19
296 99
296 15
296 79
296 1
296 58
297 82
297 96
297 29
297 11
297 46
298 10
298 15
298 79
298 65
298 1
299 40
299 30
299 50
299 61
299 64
14 0
70 0
28 0
0 0
65 0
81 1
63 1
85 1
69 1
89 1
53 2
9 2
25 2
35 2
88 2
51 3
42 3
84 3
98 3
24 3
70 4
96 4
82 4
29 4
46 4
4 5
46 5
58 5
0 5
28 5
95 6
99 6
1 6
31 6
79 6
39 7
78 7
37 7
75 7
1 7
36 8
18 8
48 8
86 8
23 8
51 9
42 9
24 9
74 9
84 9
37 10
75 10
39 10
78 10
3 10
33 11
5 11
45 11
57 11
11 11
37 12
75 12
59 12
3 12
78 12
91 13
6 13
98 13
51 13
92 13
70 14
14 14
46 14
82 14
96 14
20 15
30 15
68 15
40 15
61 15
4 16
58 16
41 16
0 16
26 16
92 17
55 17
26 17
7 17
6 17
80 18
24 18
85 18
84 18
42 18
45 19
33 19
5 19
20 19
11 19
57 20
5 20
11 20
16 20
13 20
10 21
15 21
79 21
65 21
1 21
90 22
54 22
56 22
98 22
51 22
94 23
52 23
62 23
66 23
56 23
3 24
59 24
75 24
78 24
37 24
61 25
89 25
63 25
60 25
69 25
56 26
52 26
90 26
98 26
54 26
68 27
67 27
60 27
20 27
55 27
20 28
45 28
33 28
68 28
5 28
34 29
54 29
90 29
56 29
52 29
24 30
74 30
85 30
97 30
81 30
51 31
55 31
92 31
42 31
84 31
68 32
20 32
61 32
30 32
40 32
45 33
41 33
7 33
33 33
68 33
17 34
49 34
43 34
12 34
19 34
96 35
29 35
82 35
70 35
11 35
98 36
56 36
90 36
52 36
94 36
70 37
96 37
46 37
82 37
29 37
28 38
65 38
0 38
10 38
39 38
4 39
58 39
28 39
0 39
14 39
97 40
74 40
71 40
27 40
34 40
98 41
56 41
90 41
52 41
51 41
91 42
6 42
99 42
95 42
83 42
60 43
67 43
68 43
55 43
92 43
29 44
82 44
96 44
16 44
11 44
46 45
11 45
82 45
29 45
96 45
7 46
26 46
41 46
92 46
55 46
68 47
67 47
60 47
20 47
61 47
99 48
1 48
79 48
15 48
95 48
31 49
59 49
49 49
3 49
78 49
36 50
48 50
27 50
18 50
86 50
83 51
87 51
47 51
62 51
76 51
60 52
67 52
61 52
89 52
80 52
87 53
47 53
62 53
76 53
83 53
30 54
9 54
25 54
53 54
40 54
64 55
40 55
50 55
69 55
73 55
40 56
50 56
64 56
69 56
61 56
14 57
28 57
0 57
65 57
4 57
46 58
11 58
82 58
96 58
29 58
4 59
58 59
41 59
26 59
7 59
65 60
10 60
39 60
0 60
15 60
70 61
14 61
46 61
96 61
82 61
27 62
34 62
97 62
71 62
36 62
60 63
67 63
68 63
61 63
89 63
46 64
14 64
70 64
28 64
4 64
70 65
46 65
96 65
82 65
29 65
20 66
53 66
68 66
9 66
25 66
97 67
71 67
77 67
74 67
81 67
4 68
58 68
0 68
28 68
14 68
46 69
41 69
4 69
58 69
7 69
6 70
91 70
26 70
7 70
99 70
68 71
20 71
67 71
60 71
45 71
51 72
42 72
24 72
74 72
84 72
53 73
25 73
9 73
35 73
88 73
43 74
17 74
12 74
19 74
22 74
47 75
87 75
76 75
44 75
62 75
13 76
57 76
16 76
32 76
5 76
14 77
70 77
46 77
28 77
0 77
80 78
60 78
84 78
89 78
61 78
29 79
82 79
96 79
16 79
11 79
35 80
53 80
25 80
9 80
32 80
65 81
10 81
28 81
0 81
39 81
76 82
47 82
44 82
8 82
87 82
58 83
4 83
10 83
15 83
0 83
13 84
32 84
5 84
57 84
33 84
70 85
14 85
46 85
96 85
82 85
1 86
99 86
79 86
15 86
95 86
28 87
0 87
65 87
4 87
10 87
70 88
96 88
14 88
46 88
82 88
70 89
14 89
96 89
46 89
82 89
65 90
10 90
39 90
0 90
28 90
28 91
0 91
4 91
58 91
10 91
14 92
28 92
0 92
4 92
58 92
45 93
68 93
20 93
33 93
67 93
25 94
9 94
53 94
88 94
72 94
45 95
68 95
33 95
67 95
41 95
39 96
65 96
1 96
10 96
79 96
40 97
61 97
50 97
30 97
69 97
45 98
41 98
33 98
11 98
7 98
77 99
71 99
97 99
74 99
81 99
81 100
74 100
85 100
97 100
77 100
14 101
70 101
28 101
46 101
0 101
93 102
23 102
77 102
71 102
18 102
20 103
53 103
9 103
32 103
25 103
17 104
8 104
44 104
76 104
47 104
45 105
33 105
11 105
46 105
41 105
28 106
65 106
0 106
10 106
39 106
6 107
91 107
99 107
26 107
15 107
83 108
91 108
6 108
22 108
87 108
69 109
50 109
63 109
61 109
89 109
33 110
45 110
5 110
57 110
11 110
60 111
67 111
68 111
61 111
89 111
9 112
25 112
53 112
88 112
72 112
70 113
14 113
46 113
96 113
82 113
46 114
4 114
41 114
58 114
0 114
45 115
41 115
33 115
11 115
46 115
30 116
72 116
9 116
25 116
40 116
39 117
37 117
75 117
78 117
65 117
41 118
7 118
26 118
4 118
58 118
11 119
46 119
33 119
45 119
5 119
41 120
7 120
26 120
92 120
46 120
14 121
70 121
28 121
0 121
65 121
31 122
3 122
59 122
78 122
49 122
5 123
57 123
33 123
13 123
11 123
77 124
73 124
93 124
71 124
81 124
54 125
94 125
52 125
2 125
90 125
30 126
20 126
9 126
53 126
25 126
99 127
95 127
1 127
79 127
91 127
98 128
56 128
52 128
90 128
83 128
49 129
12 129
59 129
31 129
3 129
92 130
55 130
26 130
7 130
41 130
96 131
82 131
29 131
11 131
46 131
14 132
70 132
46 132
28 132
0 132
66 133
94 133
62 133
52 133
54 133
30 134
72 134
9 134
40 134
25 134
98 135
56 135
90 135
52 135
54 135
51 136
42 136
24 136
74 136
98 136
20 137
68 137
45 137
67 137
60 137
61 138
89 138
60 138
67 138
68 138
45 139
33 139
20 139
68 139
5 139
73 140
50 140
64 140
40 140
69 140
15 141
99 141
58 141
79 141
4 141
62 142
44 142
66 142
76 142
47 142
92 143
55 143
6 143
91 143
51 143
48 144
36 144
86 144
27 144
18 144
95 145
12 145
19 145
31 145
22 145
13 146
5 146
32 146
57 146
33 146
98 147
90 147
56 147
54 147
52 147
49 148
12 148
43 148
17 148
59 148
46 149
41 149
11 149
7 149
26 149
92 150
55 150
60 150
67 150
68 150
32 151
35 151
53 151
20 151
13 151
54 152
90 152
56 152
52 152
98 152
27 153
34 153
36 153
48 153
97 153
24 154
84 154
42 154
80 154
85 154
17 155
43 155
8 155
12 155
44 155
22 156
83 156
43 156
19 156
47 156
73 157
93 157
77 157
50 157
23 157
63 158
69 158
89 158
61 158
81 158
41 159
7 159
26 159
4 159
58 159
98 160
51 160
6 160
91 160
56 160
32 161
35 161
53 161
13 161
20 161
38 162
21 162
48 162
86 162
27 162
94 163
54 163
2 163
52 163
90 163
98 164
52 164
94 164
56 164
83 164
55 165
92 165
84 165
42 165
51 165
4 166
58 166
0 166
28 166
15 166
70 167
14 167
46 167
96 167
82 167
77 168
93 168
71 168
73 168
23 168
25 169
9 169
72 169
88 169
53 169
29 170
16 170
82 170
96 170
57 170
40 171
64 171
30 171
50 171
69 171
84 172
55 172
92 172
42 172
51 172
2 173
21 173
38 173
54 173
94 173
95 174
12 174
19 174
31 174
22 174
20 175
53 175
32 175
9 175
35 175
38 176
48 176
21 176
86 176
27 176
13 177
5 177
57 177
33 177
45 177
17 178
8 178
44 178
76 178
43 178
70 179
96 179
82 179
29 179
46 179
54 180
34 180
90 180
56 180
52 180
41 181
7 181
26 181
58 181
4 181
70 182
14 182
96 182
46 182
82 182
26 183
7 183
92 183
55 183
41 183
2 184
54 184
34 184
94 184
52 184
38 185
21 185
48 185
27 185
34 185
38 186
21 186
86 186
48 186
27 186
14 187
70 187
28 187
46 187
0 187
66 188
62 188
94 188
52 188
87 188
1 189
99 189
31 189
79 189
95 189
30 190
9 190
53 190
25 190
20 190
39 191
65 191
10 191
1 191
79 191
9 192
53 192
25 192
35 192
30 192
52 193
56 193
98 193
94 193
90 193
49 194
12 194
31 194
19 194
43 194
25 195
9 195
53 195
88 195
72 195
68 196
67 196
60 196
20 196
45 196
46 197
11 197
82 197
29 197
96 197
45 198
33 198
41 198
11 198
5 198
4 199
28 199
0 199
58 199
14 199
28 200
0 200
4 200
58 200
10 200
98 201
56 201
90 201
52 201
54 201
1 202
79 202
78 202
3 202
39 202
13 203
16 203
57 203
5 203
33 203
47 204
76 204
83 204
87 204
22 204
11 205
57 205
5 205
82 205
29 205
70 206
14 206
46 206
96 206
82 206
55 207
92 207
84 207
60 207
67 207
31 208
78 208
3 208
59 208
95 208
82 209
29 209
96 209
11 209
57 209
92 210
55 210
60 210
67 210
7 210
49 211
59 211
3 211
31 211
12 211
34 212
27 212
54 212
97 212
90 212
57 213
13 213
16 213
5 213
33 213
44 214
76 214
8 214
47 214
87 214
46 215
11 215
70 215
82 215
96 215
28 216
0 216
4 216
58 216
65 216
27 217
34 217
48 217
36 217
38 217
46 218
11 218
41 218
45 218
33 218
21 219
38 219
2 219
48 219
86 219
22 220
19 220
43 220
12 220
95 220
83 221
87 221
47 221
76 221
22 221
14 222
28 222
0 222
65 222
4 222
75 223
37 223
59 223
3 223
78 223
54 224
2 224
94 224
52 224
90 224
76 225
47 225
87 225
44 225
8 225
41 226
7 226
26 226
46 226
45 226
83 227
87 227
22 227
47 227
95 227
95 228
22 228
99 228
83 228
19 228
62 229
66 229
94 229
87 229
47 229
20 230
45 230
68 230
32 230
33 230
70 231
14 231
96 231
46 231
82 231
59 232
3 232
75 232
78 232
37 232
22 233
95 233
19 233
12 233
43 233
73 234
77 234
93 234
50 234
81 234
95 235
22 235
83 235
19 235
99 235
39 236
37 236
75 236
65 236
78 236
81 237
74 237
85 237
97 237
24 237
92 238
26 238
7 238
55 238
41 238
30 239
9 239
25 239
53 239
72 239
51 240
42 240
84 240
24 240
98 240
55 241
60 241
92 241
67 241
84 241
38 242
21 242
34 242
2 242
27 242
79 243
15 243
10 243
1 243
65 243
83 244
22 244
87 244
47 244
95 244
95 245
22 245
19 245
12 245
83 245
45 246
11 246
33 246
46 246
41 246
96 247
82 247
29 247
11 247
46 247
72 248
88 248
25 248
9 248
30 248
24 249
85 249
80 249
42 249
84 249
24 250
74 250
85 250
97 250
42 250
70 251
14 251
96 251
46 251
82 251
45 252
20 252
33 252
68 252
5 252
84 253
51 253
42 253
55 253
92 253
89 254
61 254
63 254
80 254
69 254
70 255
96 255
82 255
29 255
14 255
35 256
53 256
25 256
9 256
32 256
14 257
70 257
46 257
28 257
0 257
85 258
63 258
81 258
80 258
89 258
14 259
70 259
46 259
28 259
0 259
27 260
34 260
36 260
71 260
97 260
34 261
51 261
54 261
90 261
56 261
91 262
6 262
99 262
98 262
83 262
46 263
11 263
41 263
33 263
45 263
4 264
58 264
41 264
7 264
26 264
54 265
2 265
94 265
52 265
90 265
12 266
43 266
19 266
49 266
22 266
1 267
79 267
78 267
31 267
99 267
82 268
29 268
96 268
11 268
46 268
62 269
94 269
66 269
87 269
52 269
95 270
99 270
22 270
83 270
91 270
65 271
39 271
28 271
10 271
0 271
54 272
90 272
52 272
56 272
94 272
65 273
39 273
10 273
28 273
0 273
98 274
52 274
56 274
94 274
90 274
95 275
99 275
31 275
1 275
79 275
98 276
56 276
90 276
52 276
54 276
98 277
51 277
56 277
90 277
52 277
98 278
56 278
90 278
52 278
94 278
14 279
70 279
46 279
96 279
82 279
68 280
67 280
60 280
20 280
45 280
65 281
28 281
0 281
39 281
10 281
30 282
9 282
25 282
53 282
72 282
34 283
2 283
27 283
21 283
38 283
46 284
11 284
82 284
33 284
29 284
41 285
46 285
7 285
26 285
4 285
51 286
55 286
42 286
84 286
92 286
60 287
67 287
55 287
92 287
68 287
13 288
16 288
57 288
32 288
5 288
72 289
88 289
30 289
25 289
9 289
88 290
72 290
25 290
9 290
53 290
60 291
67 291
55 291
92 291
68 291
24 292
42 292
74 292
85 292
84 292
28 293
0 293
14 293
4 293
65 293
38 294
21 294
48 294
27 294
34 294
17 295
49 295
43 295
12 295
19 295
99 296
15 296
79 296
1 296
58 296
82 297
96 297
29 297
11 297
46 297
10 298
15 298
79 298
65 298
1 298
40 299
30 299
50 299
61 299
64 299
