6.520872592926025391e+00
5.139980316162109375e+00
1.251586532592773438e+01
8.189649581909179688e+00
7.746088504791259766e+00
1.480957508087158203e+01
7.245622634887695312e+00
1.095217418670654297e+01
9.618660926818847656e+00
6.912137985229492188e+00
1.222303390502929688e+01
1.190376949310302734e+01
7.645733833312988281e+00
5.862815380096435547e+00
6.294930458068847656e+00
8.364625930786132812e+00
1.387554264068603516e+01
9.306045532226562500e+00
1.338315963745117188e+01
9.807044029235839844e+00
1.188013744354248047e+01
1.160723304748535156e+01
1.373062038421630859e+01
8.143786430358886719e+00
1.011256790161132812e+01
9.063701629638671875e+00
1.383298778533935547e+01
6.437500000000000000e+00
5.480606079101562500e+00
1.315889358520507812e+01
5.068169593811035156e+00
1.171111869812011719e+01
1.405906677246093750e+01
5.071377754211425781e+00
5.794112682342529297e+00
9.727798461914062500e+00
6.057223796844482422e+00
8.812925338745117188e+00
1.205307579040527344e+01
1.340260982513427734e+01
5.847115993499755859e+00
9.558946609497070312e+00
7.479584217071533203e+00
9.041297912597656250e+00
9.896358489990234375e+00
9.053666114807128906e+00
1.064529514312744141e+01
1.214491081237792969e+01
1.123788738250732422e+01
9.384237289428710938e+00
1.490352249145507812e+01
7.109959125518798828e+00
1.020566082000732422e+01
7.279269218444824219e+00
1.005875015258789062e+01
1.426945495605468750e+01
1.046645545959472656e+01
8.173324584960937500e+00
1.039561367034912109e+01
1.247299957275390625e+01
1.004754257202148438e+01
1.207450008392333984e+01
1.367122840881347656e+01
5.043334007263183594e+00
1.279816627502441406e+01
1.090049171447753906e+01
1.307358837127685547e+01
9.076484680175781250e+00
8.117954254150390625e+00
9.402678489685058594e+00
1.359943103790283203e+01
1.238160705566406250e+01
1.146429920196533203e+01
6.051021099090576172e+00
1.435469341278076172e+01
1.162473106384277344e+01
8.625877380371093750e+00
1.178942680358886719e+01
1.441907310485839844e+01
6.836491584777832031e+00
6.838160514831542969e+00
6.315845489501953125e+00
1.494106483459472656e+01
1.427597808837890625e+01
1.198528671264648438e+01
5.899270057678222656e+00
5.327801227569580078e+00
1.259392547607421875e+01
7.216472148895263672e+00
1.201830482482910156e+01
1.191368103027343750e+01
7.549396514892578125e+00
1.167748546600341797e+01
8.738288879394531250e+00
1.320809936523437500e+01
1.088018131256103516e+01
5.111034393310546875e+00
1.287422943115234375e+01
5.542082309722900391e+00
9.817913055419921875e+00
