1456
1242
1573
937
2874
82
13
2248
983
2616
1376
2866
2654
1333
2720
1403
1805
1286
804
2964
368
536
244
2016
1923
38
2421
528
1184
450
135
796
1612
1864
1798
747
1676
1085
4
2439
176
2961
1344
148
1494
2427
1495
1686
2293
167
2794
71
1023
1262
1790
277
2348
2811
1004
988
416
1672
342
1029
1230
2927
2220
2822
2977
863
254
1156
2578
1907
1727
1263
1931
2952
718
2622
1444
1534
1214
949
560
1152
2365
1255
2667
1866
2115
1200
2894
1082
2772
2323
453
123
15
1830
1025
457
1814
502
1393
1
2601
2059
2193
1189
488
2963
1888
2316
238
2336
762
2647
155
150
1080
1046
1809
2338
2699
1827
93
80
2940
1993
1693
2988
2349
414
975
2498
1240
573
471
1796
1820
952
805
1650
2229
1098
2288
590
1720
2800
1533
2882
584
2252
1786
2355
2890
784
1064
1414
2298
1613
1615
2763
2461
2335
102
64
392
1507
1793
1876
268
338
999
181
2859
1631
601
2905
1892
2863
315
926
2496
1771
623
65
2315
2806
412
2160
829
1408
475
2243
390
961
914
2855
2833
1878
1599
2624
2870
2368
138
655
1445
497
2240
1642
2913
2156
2339
650
125
1971
2828
2690
2610
2089
1994
473
808
788
1808
1973
2553
107
842
260
1862
2992
194
2754
1144
1074
2454
960
935
2041
2311
1371
2750
826
1725
1269
1989
496
144
1933
790
376
2648
678
963
372
1381
1179
124
1643
2371
444
2351
308
2299
688
838
1055
59
24
459
2301
2580
241
424
1407
687
2592
616
30
2476
72
322
2551
596
2635
902
1366
1852
325
1602
694
1360
258
1126
848
751
1473
